world: 50fe244b-06b7-44d4-bc84-22d12fa3c391
world-name: Flat
x: -0.3269860178592848
y: -60.0
z: -0.3985650240475263
yaw: -174.75038146972656
pitch: 90.0
name: Flat
lastowner: 5cbd3a99-1bfe-4454-bb63-3a726985d6e3
