world: 3c0711c8-e82e-4f32-a6ba-28dccdedb101
world-name: Palette
x: 0.0
y: -60.0
z: 0.0
yaw: 1.050049901008606
pitch: 4.9499993324279785
name: Palette
lastowner: 5cbd3a99-1bfe-4454-bb63-3a726985d6e3
