world: 3bae506c-ce1d-4ff2-b61d-7a32da2f4d12
world-name: world
x: -1803.200525768222
y: 73.0
z: -27.71933232462131
yaw: -1.601669192314148
pitch: 25.050588607788086
name: RatRoom
lastowner: 5cbd3a99-1bfe-4454-bb63-3a726985d6e3
