world: 3bae506c-ce1d-4ff2-b61d-7a32da2f4d12
world-name: world
x: 6.98644383112934
y: 67.0
z: 140.33148986328317
yaw: -179.3993682861328
pitch: -2.2501745223999023
name: Spawn
lastowner: 5cbd3a99-1bfe-4454-bb63-3a726985d6e3
