world: 3bae506c-ce1d-4ff2-b61d-7a32da2f4d12
world-name: world
x: -1873.411967193006
y: 73.0625
z: -16.125196243885817
yaw: -178.01380920410156
pitch: 4.499632835388184
name: Tutorial
lastowner: 5cbd3a99-1bfe-4454-bb63-3a726985d6e3
