world: 3bae506c-ce1d-4ff2-b61d-7a32da2f4d12
world-name: world
x: -1873.337279298043
y: 73.0625
z: -15.628308167017392
yaw: -176.9645233154297
pitch: 6.149776935577393
name: Tutorial
lastowner: 5cbd3a99-1bfe-4454-bb63-3a726985d6e3
